 1000.0     89                                                               
  925.0    778                                                               
  850.0   1512                                                               
  840.0   1625   14.4   11.4     82  10.18    180      1  302.2  332.6  304.1
  837.0   1655   16.0   10.0     68   9.29    184      2  304.2  332.3  305.9
  828.0   1747   17.6    8.6     56   8.54    198      7  306.9  333.0  308.4
  820.0   1829   17.8    6.1     46   7.26    210     11  307.9  330.4  309.2
  819.0   1840   17.8    5.8     45   7.11    210     11  308.0  330.1  309.4
  791.1   2134   17.8    3.8     39   6.40    210      8  311.1  331.2  312.3
  791.0   2135   17.8    3.8     39   6.39    210      8  311.1  331.2  312.3
  763.2   2438   15.2    7.3     59   8.46    200      7  311.5  337.9  313.1
  759.0   2484   14.8    7.8     63   8.82    201      7  311.6  339.1  313.2
  748.0   2607   13.8    5.8     58   7.79    203      6  311.8  336.2  313.2
  740.0   2697   13.8    1.8     44   5.92    204      6  312.7  331.6  313.9
  735.9   2743   13.6    1.4     44   5.80    205      6  313.0  331.5  314.1
  714.0   2996   12.4   -0.6     41   5.16    196      5  314.4  331.0  315.4
  700.0   3160   11.0   -1.0     43   5.11    190      5  314.6  331.1  315.6
  659.1   3658    6.4   -1.6     57   5.19    190      5  314.9  331.7  315.9
  659.0   3659    6.4   -1.6     57   5.19    191      5  314.9  331.7  315.9
  634.9   3962    3.7   -4.3     56   4.40      0      0  315.2  329.5  316.1
  622.0   4129    2.2   -5.8     55   4.01    327      4  315.4  328.5  316.1
  611.5   4267    1.5   -9.6     44   3.03    300      8  316.1  326.1  316.6
  605.0   4352    1.0  -12.0     37   2.53    299     11  316.5  325.0  317.0
  578.0   4717   -1.7  -11.7     46   2.72    296     21  317.5  326.6  318.0
  566.4   4877   -3.0  -12.6     48   2.58    295     26  317.8  326.6  318.3
  549.0   5124   -4.9  -13.9     49   2.39    291     28  318.4  326.5  318.8
  526.0   5459   -7.9  -12.9     67   2.71    285     32  318.7  327.9  319.2
  524.1   5486   -8.1  -13.6     65   2.56    285     32  318.7  327.4  319.2
  515.0   5622   -9.3  -17.3     52   1.92    287     31  318.9  325.6  319.3
  503.9   5791  -10.6  -17.9     55   1.87    290     29  319.3  325.8  319.7
  500.0   5850  -11.1  -18.1     56   1.85    290     29  319.4  325.8  319.8
  484.1   6096  -13.0  -19.4     59   1.72    280     27  320.1  326.1  320.4
  475.0   6241  -14.1  -20.1     60   1.64    272     27  320.4  326.2  320.8
  472.0   6289  -14.5  -21.5     55   1.46    269     27  320.5  325.7  320.8
  468.0   6354  -14.5  -30.5     24   0.65    265     27  321.3  323.7  321.4
  460.0   6484  -14.5  -42.5      7   0.20    258     28  322.9  323.7  322.9
  456.0   6550  -14.7  -44.7      6   0.16    254     28  323.5  324.1  323.5
  450.0   6650  -15.5  -27.5     35   0.89    248     28  323.7  326.9  323.9
  446.7   6706  -16.0  -28.0     35   0.86    245     28  323.7  326.9  323.9
  442.0   6785  -16.7  -28.7     35   0.81    242     29  323.8  326.8  324.0
  430.0   6992  -17.1  -37.1     16   0.37    236     30  325.9  327.3  325.9
  428.9   7010  -17.2  -37.1     16   0.37    235     30  326.0  327.4  326.1
  409.0   7365  -19.1  -38.1     17   0.35    238     33  328.0  329.4  328.1
  400.0   7530  -20.5  -37.5     20   0.38    240     35  328.3  329.8  328.3
  395.1   7620  -21.4  -37.6     22   0.38    240     35  328.2  329.7  328.3
  387.0   7774  -22.9  -37.9     24   0.38    243     32  328.2  329.7  328.3
  379.1   7925  -23.8  -41.0     19   0.28    245     30  329.0  330.1  329.0
  373.0   8043  -24.5  -43.5     15   0.22    244     31  329.6  330.5  329.6
  359.0   8320  -26.9  -41.9     23   0.27    242     34  330.0  331.1  330.0
  320.0   9140  -33.1  -52.1     13   0.10    235     41  332.4  332.8  332.4
  319.8   9144  -33.1  -52.1     13   0.10    235     41  332.4  332.8  332.4
  300.0   9590  -37.1  -54.1     15   0.08    240     43  333.0  333.3  333.0
  279.0  10087  -40.7  -56.7     16   0.06    234     48  334.8  335.0  334.8
  269.0  10336  -40.7  -61.7      9   0.04    231     50  338.3  338.4  338.3
  250.0  10830  -44.5  -64.5      9   0.03    225     55  339.8  339.9  339.8
  245.0  10965  -45.5  -64.5     10   0.03    225     56  340.2  340.4  340.2
  230.0  11383  -47.7  -68.7      7   0.02    225     58  343.1  343.2  343.1
  228.0  11441  -47.1  -69.1      6   0.02    225     58  344.9  344.9  344.9
  219.0  11707  -47.7  -70.7      5   0.01    225     59  347.9  348.0  347.9
  213.1  11887  -49.0  -71.5      6   0.01    225     60  348.7  348.8  348.7
  206.0  12108  -50.5  -72.5      6   0.01    228     58  349.7  349.7  349.7
  200.0  12300  -50.7  -73.7      5   0.01    230     56  352.3  352.4  352.3
  188.0  12702  -52.1  -77.1      3   0.01    229     52  356.4  356.4  356.4
  176.0  13126  -54.9  -80.9      3   0.00    228     48  358.5  358.6  358.5
  156.0  13893  -57.5  -83.5      2   0.00    226     41  366.7  366.7  366.7
  150.0  14140  -59.1  -84.1      3   0.00    225     39  368.1  368.1  368.1
  148.0  14224  -59.7  -84.7      3   0.00    230     42  368.4  368.4  368.4
  145.6  14326  -59.1  -85.1      2   0.00    235     45  371.1  371.1  371.1
  143.0  14440  -58.5  -85.5      2   0.00    241     41  374.2  374.2  374.2
  138.7  14630  -59.1  -86.5      2   0.00    250     35  376.4  376.4  376.4
  133.0  14896  -59.9  -87.9      1   0.00    241     25  379.5  379.5  379.5
  132.2  14935  -60.2  -87.9      2   0.00    240     24  379.6  379.6  379.6
  125.8  15240  -62.6  -87.7      2   0.00    220     29  380.7  380.7  380.7
  121.0  15481  -64.5  -87.5      3   0.00    225     34  381.5  381.5  381.5
  119.8  15545  -64.1  -87.3      3   0.00    230     35  383.4  383.4  383.4
  115.0  15794  -62.5  -86.5      3   0.00    241     30  390.8  390.8  390.8
  102.0  16530  -66.1  -88.1      3   0.00    275     14  397.5  397.5  397.5
  100.0  16650  -66.1  -88.1      3   0.00    280     11  399.8  399.8  399.8
   80.6  17955  -66.1  -90.1      2   0.00    264      9  425.2  425.2  425.2
   79.0  18077  -63.5  -89.5      2   0.00    263      8  433.0  433.0  433.0
   76.3  18288  -63.3  -90.1      2   0.00    260      8  437.6  437.6  437.6
   72.5  18604  -63.1  -91.1      1   0.00    165      6  444.6  444.6  444.6
   70.9  18741  -61.5  -90.5      1   0.00    124      5  450.8  450.8  450.8
   70.0  18820  -61.7  -90.7      1   0.00    100      5  452.0  452.1  452.0
   67.3  19063  -62.1  -91.1      1   0.00     71      2  456.3  456.3  456.3
   65.8  19202  -61.5  -90.8      1   0.00     55      1  460.6  460.6  460.6
   59.7  19812  -58.6  -89.5      1   0.00     65     20  480.1  480.1  480.1
   59.5  19830  -58.5  -89.5      1   0.00     66     20  480.7  480.7  480.7
   55.7  20243  -59.5  -90.5      1   0.00     86     14  487.6  487.6  487.6
   54.1  20422  -59.1  -90.4      1   0.00     95     12  492.4  492.4  492.4
   51.6  20726  -58.5  -90.2      1   0.00     95     13  500.7  500.8  500.7
   50.0  20920  -58.1  -90.1      1   0.00    110     13  506.1  506.1  506.1
   49.1  21031  -57.9  -89.9      1   0.00    120     12  509.1  509.1  509.1
   46.8  21336  -57.4  -89.4      1   0.00    120      7  517.4  517.5  517.4
   44.6  21641  -56.9  -88.8      1   0.00    100     10  525.9  525.9  525.9
   44.0  21730  -56.7  -88.7      1   0.00    100     11  528.4  528.4  528.4
   42.5  21946  -55.4  -87.4      1   0.00    100     14  536.7  536.8  536.7
   42.2  21996  -55.1  -87.1      1   0.00    101     15  538.7  538.7  538.7
   40.6  22250  -55.6  -87.6      1   0.00    105     23  543.6  543.7  543.6
   39.5  22418  -55.9  -87.9      1   0.00    106     21  546.9  547.0  546.9
   38.5  22583  -53.9  -86.9      1   0.01    108     19  556.0  556.1  556.0
   36.9  22860  -54.0  -87.0      1   0.01    110     15  562.5  562.6  562.5
   36.3  22961  -54.1  -87.1      1   0.01     95     14  564.9  565.0  564.9
   35.3  23142  -51.7  -84.7      1   0.01     68     13  575.7  575.8  575.7
   35.2  23165  -51.7  -84.7      1   0.01     65     13  576.4  576.5  576.4
   33.6  23470  -51.2  -84.8      1   0.01     80     15  585.4  585.5  585.4
   32.6  23660  -50.9  -84.9      1   0.01     71     19  591.1  591.1  591.1
   32.0  23774  -51.3  -85.1      1   0.01     65     21  592.9  593.0  592.9
   30.6  24079  -52.5  -85.6      1   0.01    110     16  597.8  597.8  597.8
   30.3  24136  -52.7  -85.7      1   0.01    108     16  598.7  598.7  598.7
   30.0  24200  -52.5  -85.5      1   0.01    105     15  600.9  601.0  600.9
   29.2  24384  -51.1  -84.7      1   0.01     75     13  609.7  609.8  609.7
   28.6  24511  -50.1  -84.1      1   0.01     79     12  615.8  615.9  615.8
   27.8  24689  -50.4  -84.2      1   0.01     85     11  619.8  620.0  619.9
   26.6  24994  -50.9  -84.5      1   0.01     60     23  626.8  626.9  626.8
   24.2  25603  -51.9  -84.9      1   0.01    110     21  641.0  641.1  641.0
   24.1  25624  -51.9  -84.9      1   0.01    109     21  641.5  641.6  641.5
   22.7  26014  -49.9  -83.9      1   0.02    100     18  658.4  658.6  658.4
   22.0  26213  -50.3  -84.3      1   0.02     95     16  663.1  663.3  663.1
   21.0  26518  -50.8  -84.8      1   0.01     80     26  670.4  670.5  670.4
   20.5  26679  -51.1  -85.1      1   0.01     85     24  674.2  674.4  674.2
   20.0  26840  -48.7  -82.7      1   0.02     90     22  686.3  686.6  686.4
   19.5  27007  -46.9  -81.9      1   0.03     93     24  696.9  697.1  696.9
   18.4  27393  -46.1  -81.1      1   0.03     99     29  711.0  711.4  711.0
   18.3  27432  -45.8  -80.9      1   0.03    100     30  713.1  713.4  713.1
   16.8  28003  -41.9  -77.9      1   0.06     84     31  743.2  743.9  743.3
   16.0  28346  -42.7  -78.7      1   0.05     75     32  751.6  752.2  751.7
   14.6  28956  -44.0  -80.0      1   0.05     85     47  766.8  767.3  766.8
   14.5  28996  -44.1  -80.1      1   0.05     85     47  767.8  768.3  767.8
   11.7  30448  -40.3  -77.3      1   0.09     95     43  829.9  831.0  829.9
   11.6  30480  -40.4  -77.4      1   0.09     95     43  830.8  831.8  830.8
   11.1  30806  -41.1  -78.1      1   0.08     95     41  839.6  840.6  839.6
   10.0  31520  -38.3  -75.3      1   0.14     95     38  875.4  877.2  875.5
    9.9  31589  -38.1  -76.1      1   0.12     95     38  878.7  880.3  878.8
    8.5  32638  -38.3  -75.3      1   0.16                917.0  919.2  917.1
    8.5  32614  -38.3  -75.3      1   0.16     95     31  916.1  918.3  916.2
